600 2000 9
1 2
1 8
1 9
0
0
0
0
2 1 6
0
0
2 1 9
1 2
0
1 8
0
2 1 6
1 5
2 3 7
1 7
0
1 8
2 2 4
2 4 8
0
1 9
0
1 8
1 6
2 2 5
0
0
2 2 9
0
1 8
0
3 3 5 8
0
0
0
1 9
1 7
2 5 7
1 3
1 8
0
1 6
2 7 9
0
1 8
0
0
0
4 1 4 6 8
0
0
1 6
0
0
1 1
1 1
1 2
1 6
0
0
2 5 8
1 1
1 6
3 3 6 7
2 3 8
2 3 5
0
0
1 9
0
0
2 1 4
1 7
0
1 1
1 3
0
1 4
1 5
1 6
0
1 4
0
0
0
0
0
1 1
2 4 6
1 6
1 7
1 7
1 8
1 8
0
0
1 4
1 3
2 2 5
0
1 7
2 1 2
0
1 2
2 5 6
0
0
1 4
1 2
1 9
1 1
1 2
0
0
2 4 7
1 8
0
2 6 9
2 4 7
0
1 8
0
2 3 5
1 5
0
0
1 5
1 4
1 5
0
1 4
1 6
0
0
2 6 8
1 6
1 1
0
1 1
0
1 7
1 7
1 2
2 5 8
0
1 4
0
0
0
0
1 1
0
0
0
1 6
0
0
0
0
0
0
0
0
1 2
1 4
0
0
2 4 5
0
1 3
1 5
2 3 4
0
1 1
1 5
1 6
1 7
0
0
3 1 6 8
1 9
2 2 7
0
0
0
0
1 9
1 8
2 5 8
0
0
2 4 9
3 1 4 8
0
1 3
0
3 4 7 8
1 6
2 4 6
0
1 1
1 1
1 8
0
2 3 7
0
1 7
0
2 5 8
2 3 6
1 5
1 6
1 8
1 9
0
0
0
1 9
1 5
0
1 1
2 3 5
1 4
1 4
0
0
4 1 3 5 8
0
1 2
1 4
0
0
2 4 7
0
0
0
0
0
2 4 5
1 9
1 1
1 2
1 6
0
2 3 5
0
1 7
0
1 9
0
1 2
0
0
0
1 6
2 1 4
1 7
3 2 8 9
2 1 3
1 2
3 2 5 7
0
2 1 5
1 6
0
1 1
0
0
1 3
1 4
1 3
0
3 1 3 8
1 9
1 7
0
0
0
1 5
0
2 5 7
0
2 3 6
1 7
2 2 5
0
0
1 4
0
0
3 5 8 9
3 4 6 7
0
1 9
1 3
0
0
2 3 4
0
0
0
2 1 4
0
0
0
1 2
0
0
0
2 2 9
0
1 3
2 1 2
2 2 3
1 5
2 4 9
0
0
1 9
0
1 1
0
1 7
0
0
0
1 8
2 2 9
0
2 3 5
1 2
0
0
3 2 4 9
4 4 5 7 9
0
0
0
0
1 9
1 5
0
1 9
0
0
0
0
1 2
0
0
1 6
1 7
0
0
1 8
3 2 6 7
0
2 7 8
0
1 9
1 8
0
0
0
0
0
0
0
2 3 5
0
0
1 1
1 7
2 3 9
0
0
1 2
2 5 6
0
0
0
0
0
2 4 8
1 4
1 5
2 1 3
1 3
0
1 2
0
1 1
0
0
1 8
2 3 7
0
0
0
0
0
1 9
1 1
0
0
0
2 3 9
0
2 6 8
0
0
0
0
0
1 8
0
0
0
1 7
1 1
1 4
3 3 5 6
1 2
0
0
2 4 6
0
0
0
1 2
1 9
0
1 3
0
1 2
3 1 4 5
0
1 9
2 8 9
1 6
2 6 9
1 8
0
1 2
1 9
2 1 3
0
1 2
2 1 5
1 3
0
0
2 3 6
1 1
0
0
0
0
0
0
2 5 8
2 4 7
0
2 6 8
1 3
1 8
1 1
0
2 5 6
0
0
1 2
0
1 8
3 1 4 7
0
3 4 5 6
0
0
1 5
1 5
0
3 3 7 9
0
3 1 2 9
0
1 6
1 4
2 3 8
0
1 9
0
1 3
0
0
0
1 1
0
1 9
0
0
0
0
1 2
0
1 6
1 2
2 2 7
0
0
0
0
0
1 1
0
2 2 6
0
1 3
0
2 5 6
2 4 9
1 3
2 3 9
0
2 3 4
3 1 5 9
2 5 6
0
2 8 9
0
0
1 9
1 7
1 4
0
1 5
2 3 9
1 2
1 8
2 1 5
2 6 9
0
0
1 2
0
0
0
0
1 9
0
0
1 9
3 2 7 8
1 7
0
0
2 6 9
1 6
2 2 5
1 2
0
1 2
0
1 3
0
0
0
2 2 4
0
0
3 3 5 9
0
1 8
0
3 1 4 7
0
1 8
0
2 1 6
2 5 7
1 5
0
0
0
1 3
1 8
1 6
1 9
1 3
1 4
0
0
2 7 8
1 7
0
1 4
197 389 80
163 193 350
75 60 913
226 21 107
426 596 831
574 352 365
126 448 771
279 51 490
293 481 157
504 192 12
561 261 122
342 548 87
352 235 903
283 119 907
49 45 336
112 58 326
194 393 905
513 398 999
135 323 736
255 430 1000
359 444 581
154 579 884
183 342 266
463 445 845
20 558 259
390 581 816
324 250 317
72 222 840
367 94 148
41 21 4
325 68 745
375 506 237
306 514 799
102 23 267
250 88 511
508 84 188
259 338 246
15 386 314
180 191 583
288 137 708
464 129 509
452 292 181
152 59 360
54 100 435
517 128 813
130 251 550
107 192 573
176 571 672
20 73 740
215 511 174
594 276 929
536 88 788
597 92 976
275 29 920
540 179 583
294 6 945
99 124 766
579 224 131
162 474 95
395 82 872
277 377 215
296 138 854
238 477 535
222 357 5
513 300 7
7 21 575
326 449 239
194 96 54
97 575 784
29 568 191
302 274 792
448 28 793
107 287 694
304 14 721
295 528 605
461 453 265
363 280 202
49 324 443
43 23 635
360 310 860
168 123 375
141 186 37
556 227 618
117 19 868
50 437 755
240 1 840
66 144 508
269 75 701
387 408 274
168 387 251
118 403 429
406 379 413
258 340 304
509 123 118
413 57 761
392 479 89
456 375 23
399 44 410
451 282 931
65 403 43
139 145 352
458 382 661
115 260 443
364 110 812
383 575 224
3 543 7
108 189 198
355 518 827
514 555 279
305 191 559
107 427 935
5 166 747
425 366 552
407 390 707
527 213 240
467 201 186
2 8 197
592 599 341
166 81 335
368 109 750
33 39 950
181 105 729
225 83 69
263 252 464
74 260 416
388 113 935
380 234 568
542 227 5
92 127 683
261 165 299
244 370 499
460 397 824
464 393 729
553 315 555
111 546 477
315 534 309
124 589 339
45 589 183
253 144 585
223 97 26
10 201 771
94 343 817
207 238 551
192 22 892
124 253 937
60 42 995
370 381 470
397 189 384
180 147 754
597 389 746
101 411 617
563 280 134
118 583 648
414 18 308
505 119 213
178 340 926
408 401 140
135 322 271
453 433 294
113 467 130
325 109 127
32 82 771
410 330 127
266 253 763
249 80 6
94 167 236
573 432 65
198 217 602
348 508 911
276 51 801
192 481 957
522 40 270
201 56 869
40 413 219
89 94 911
453 360 811
428 224 862
587 543 938
65 187 699
123 79 898
299 25 472
190 106 705
562 132 681
572 253 930
481 76 132
265 595 901
593 508 549
587 588 402
3 20 817
56 186 667
143 178 26
350 402 51
422 69 378
170 216 93
266 15 782
564 361 316
451 590 358
295 284 554
423 119 293
10 6 262
58 361 370
536 509 787
45 23 663
318 313 278
18 35 550
22 299 502
572 56 546
530 594 833
296 423 711
276 129 303
419 285 521
210 69 399
178 327 228
75 514 827
113 132 732
136 65 159
80 19 326
341 6 836
592 378 484
168 132 127
79 33 302
118 160 620
114 171 291
226 447 941
110 269 8
303 193 963
508 257 417
336 98 987
163 436 610
487 112 185
49 446 123
507 264 614
30 108 691
76 298 57
344 63 306
230 331 795
110 159 393
330 177 286
43 162 766
378 263 977
200 397 56
17 501 299
185 245 813
293 87 74
421 192 602
180 185 995
25 220 101
173 137 804
69 8 790
560 446 517
161 79 607
515 574 808
361 238 488
269 484 362
52 55 597
25 1 767
376 430 248
245 407 257
312 409 783
205 218 723
418 492 149
108 84 47
354 330 888
249 290 349
283 495 826
246 59 695
7 23 581
388 131 716
330 187 92
76 448 426
291 386 535
571 97 781
110 230 375
527 566 27
194 157 298
82 523 639
329 298 655
510 290 801
243 263 647
86 282 93
415 65 616
504 102 711
356 215 793
189 179 503
545 403 856
278 157 703
387 301 981
538 98 490
533 351 693
229 90 432
464 192 259
171 140 371
493 530 230
347 195 935
321 535 67
1 58 118
522 497 689
350 298 648
324 144 665
131 190 717
287 480 418
403 450 894
349 24 116
342 441 164
473 31 61
572 115 814
7 12 943
37 44 231
256 530 22
141 14 758
257 80 990
528 452 49
467 281 632
103 457 30
135 255 588
336 259 725
227 262 921
120 372 243
550 397 601
198 446 59
449 475 301
86 153 836
577 113 711
132 243 909
14 366 907
195 75 144
42 15 929
586 233 928
249 167 670
588 391 609
170 118 672
69 84 904
356 372 398
60 567 272
313 461 804
96 304 892
369 345 541
9 193 512
287 517 240
223 202 270
534 372 784
458 224 573
167 289 212
138 534 209
160 198 443
100 427 597
356 537 576
221 223 705
555 343 286
319 81 717
361 479 609
78 50 892
321 424 713
562 282 133
286 34 485
446 241 177
376 496 192
160 311 473
292 402 366
62 21 530
448 47 349
384 478 791
111 174 326
93 563 617
254 179 73
203 460 913
357 224 503
167 132 675
455 93 723
10 413 434
326 5 31
97 264 644
38 260 936
23 382 191
407 22 794
418 218 81
326 424 598
172 584 335
160 328 778
464 340 748
581 470 328
384 341 366
275 469 953
362 343 216
124 462 92
374 556 324
109 196 880
438 82 848
293 353 465
430 296 988
108 48 862
524 163 571
51 29 442
507 341 337
3 432 338
44 345 212
74 169 942
149 155 614
207 81 707
455 121 889
184 468 464
225 218 223
176 561 634
298 116 216
55 464 609
481 307 991
157 92 363
198 338 948
38 491 589
202 354 952
383 208 817
68 134 532
140 541 825
1 5 215
476 329 832
469 377 210
13 53 779
297 181 944
109 546 364
414 500 725
272 518 693
368 4 926
496 488 958
48 504 893
447 195 200
276 206 737
264 16 233
91 196 136
543 247 54
305 505 83
94 157 668
192 235 628
296 376 784
559 280 438
598 147 614
495 578 249
27 179 231
366 373 426
170 420 289
218 398 837
299 23 44
53 288 981
82 40 680
113 316 316
94 179 784
450 173 63
22 241 137
16 144 55
285 231 507
96 392 469
504 586 236
166 482 736
30 506 284
521 572 825
26 545 148
150 178 709
337 99 554
343 60 949
513 4 369
502 4 77
379 377 940
31 47 284
315 579 642
4 491 828
331 273 248
418 526 52
576 275 782
166 160 474
306 348 187
264 320 410
470 425 220
4 414 3
219 217 344
260 579 542
67 186 131
265 493 538
54 55 17
567 268 247
473 182 257
302 532 807
125 552 724
398 257 766
307 90 655
90 359 257
232 4 940
248 61 234
473 29 37
140 231 730
183 481 13
60 333 873
48 331 44
440 580 428
462 558 829
326 113 783
23 381 896
576 228 684
182 25 128
593 364 713
598 238 169
368 201 130
341 577 624
435 176 971
537 572 968
563 457 741
258 519 963
346 191 107
176 358 939
166 16 7
132 61 652
355 275 849
433 379 44
137 202 160
436 495 640
340 510 483
74 52 293
594 101 518
211 214 417
550 570 251
488 56 538
404 388 259
568 37 606
64 482 769
494 217 677
350 333 726
513 334 262
173 220 452
470 483 211
192 165 551
431 160 423
299 344 576
395 277 331
169 368 328
472 172 601
433 39 908
210 26 367
46 591 943
25 396 443
501 94 363
255 364 104
204 216 250
274 381 578
352 191 340
210 496 758
234 302 673
32 314 174
351 197 991
365 22 209
25 31 212
338 35 685
533 257 766
315 293 711
159 93 689
377 73 852
10 133 285
118 340 265
512 141 57
157 372 167
20 451 811
180 363 266
301 89 958
384 258 476
107 269 142
149 346 974
396 565 987
213 117 130
336 85 244
510 77 335
144 45 698
155 231 471
179 162 90
530 205 514
332 297 608
550 102 512
443 291 257
121 280 242
103 270 459
340 23 885
268 167 245
44 566 841
323 182 688
158 35 592
208 29 259
27 440 167
112 253 459
385 94 271
128 219 350
561 557 717
550 48 565
93 538 513
64 554 710
95 233 845
447 27 561
106 89 739
265 505 983
101 328 172
273 58 561
492 407 35
507 370 107
314 584 546
103 360 605
393 396 299
281 209 391
26 119 392
387 317 901
189 149 683
469 482 266
184 339 753
24 29 796
45 397 606
84 573 521
91 97 16
195 40 54
97 366 975
527 424 525
539 32 596
74 457 364
204 203 229
404 321 723
105 86 673
511 38 818
319 153 923
310 236 310
269 103 774
278 518 884
455 301 157
433 23 395
387 105 584
29 494 489
101 363 316
305 352 621
138 87 146
256 115 57
567 431 900
562 100 914
351 179 778
135 117 27
325 488 19
353 321 618
406 500 721
382 224 719
76 73 693
590 90 646
180 142 206
45 438 763
164 326 612
375 264 83
543 511 871
145 396 210
488 470 61
55 330 756
326 390 289
369 502 656
515 290 140
18 71 226
402 385 198
511 119 904
17 485 690
352 437 501
528 187 641
448 172 574
88 142 13
86 51 763
46 412 926
442 253 655
150 122 625
249 161 895
89 243 442
67 215 23
536 38 376
282 138 242
488 103 708
496 375 141
188 542 413
600 107 915
385 513 364
412 233 662
179 309 763
113 314 829
165 400 521
408 216 159
143 215 466
137 264 705
494 498 386
181 476 66
59 202 952
475 427 544
43 166 486
333 228 908
372 59 756
47 323 848
314 467 262
465 32 401
163 26 339
471 122 974
122 370 931
84 147 988
391 126 938
253 423 235
68 104 605
281 279 18
98 38 799
426 478 890
287 447 24
388 391 134
274 290 950
446 458 803
196 149 908
503 261 804
60 434 62
520 252 628
597 228 776
405 31 462
436 539 391
471 552 635
300 322 268
77 498 476
137 53 901
382 240 667
68 301 977
512 124 935
322 247 764
48 161 582
462 556 533
326 548 562
306 178 999
441 271 97
242 137 285
481 263 15
187 367 848
351 323 880
291 1 865
62 300 287
406 565 471
251 45 511
62 51 55
571 211 899
418 180 694
492 46 802
193 271 127
334 245 208
572 161 885
227 331 502
99 97 53
50 34 401
173 550 725
356 47 170
407 151 76
436 99 795
478 181 624
582 537 654
218 341 365
66 58 726
30 482 449
319 49 126
330 468 595
274 314 691
112 363 815
39 218 852
6 124 611
460 304 587
558 579 46
70 452 456
389 468 217
176 215 302
22 514 231
493 38 293
223 373 799
265 382 606
128 299 481
497 182 561
501 568 931
169 404 806
182 250 86
26 74 996
348 224 533
190 570 216
129 181 54
33 444 161
312 46 744
548 47 779
243 165 902
461 571 663
186 549 458
498 235 508
559 245 148
160 515 236
277 413 263
342 109 949
414 56 950
354 214 103
353 113 115
51 114 960
212 71 229
334 185 383
316 153 454
320 99 968
148 381 837
536 330 916
572 312 452
169 510 425
6 30 497
261 319 602
124 358 486
532 33 858
411 80 555
122 357 917
283 236 183
36 460 157
559 331 774
372 302 367
138 81 620
129 571 452
256 485 112
145 494 662
88 47 470
74 71 931
426 438 757
513 557 835
41 95 605
376 379 436
118 211 346
526 37 813
494 453 107
47 38 944
259 374 588
72 2 224
284 119 828
23 516 279
411 127 949
14 57 252
587 404 394
15 7 204
167 68 905
481 429 926
394 217 216
477 174 784
56 13 718
418 391 833
460 158 178
435 306 334
251 37 829
492 27 299
394 25 415
344 12 138
505 282 441
68 52 355
319 77 323
596 450 730
363 524 73
92 146 536
400 155 972
144 58 116
75 118 294
110 1 914
320 471 715
222 106 863
459 414 383
439 554 919
114 422 24
163 312 765
406 553 568
362 34 316
540 313 581
439 30 190
415 220 65
477 222 120
452 156 441
296 313 631
573 119 988
362 568 952
450 549 148
590 22 812
77 146 197
484 6 497
38 257 39
23 112 12
494 400 754
154 153 478
1 434 702
339 45 110
385 293 884
150 447 929
14 278 713
37 176 403
134 565 514
142 595 417
269 521 176
307 395 781
427 66 633
558 577 412
284 441 4
369 200 872
387 333 595
111 259 83
409 207 784
349 100 778
391 330 540
50 47 623
592 386 352
3 335 956
125 209 228
182 177 261
497 43 460
237 572 103
184 481 717
173 357 693
336 344 496
275 357 776
600 49 478
553 414 668
555 124 595
568 128 618
103 34 579
37 349 136
60 111 301
200 43 214
543 287 960
70 414 835
426 447 827
425 142 677
155 481 159
202 166 948
24 472 715
42 417 668
277 235 583
263 462 762
598 528 311
66 350 256
368 6 137
16 378 391
214 422 191
378 424 139
256 459 253
212 27 251
595 196 939
168 551 603
314 430 178
570 585 282
483 61 210
307 93 604
155 500 515
189 339 948
161 109 515
301 189 71
548 64 644
34 96 791
343 284 988
546 69 245
519 590 97
565 576 89
263 266 608
585 295 283
38 40 358
15 206 842
92 165 531
248 371 95
408 131 751
358 136 559
20 133 805
276 425 795
163 409 934
334 49 141
85 47 629
469 328 600
435 332 397
148 132 296
180 342 267
431 513 323
177 549 538
553 377 548
61 140 733
265 144 784
107 90 689
27 173 334
26 52 88
427 400 44
393 228 581
145 488 907
29 136 147
70 183 300
185 299 425
116 332 600
163 540 826
316 287 63
365 133 292
354 425 903
389 484 752
552 132 942
136 355 871
485 148 669
408 278 418
250 299 293
382 10 305
25 500 224
505 510 618
73 25 727
77 40 672
369 478 990
504 246 830
497 495 325
210 449 791
262 19 617
76 86 728
353 532 141
167 491 264
231 527 461
9 410 758
174 276 62
407 418 335
471 429 476
144 488 935
541 466 105
203 402 923
75 403 906
397 590 565
64 476 975
304 491 340
300 310 45
445 283 907
16 390 117
473 448 63
339 555 183
433 404 711
459 594 754
242 109 18
116 286 629
111 457 887
313 321 372
65 385 762
317 462 920
210 57 712
74 15 102
70 188 988
564 199 10
594 41 11
509 523 604
406 390 194
364 556 449
294 35 454
487 47 656
563 446 845
77 219 391
418 450 103
17 294 307
93 548 750
308 211 636
78 559 248
440 283 243
435 213 259
461 278 512
110 496 440
92 80 66
261 200 709
551 505 338
559 201 310
156 305 572
5 24 544
477 519 700
202 311 104
372 125 784
57 94 46
48 5 385
14 32 946
114 68 100
208 225 398
286 259 957
280 10 48
593 161 66
213 244 219
304 110 195
538 309 909
121 396 671
364 240 458
362 183 963
75 10 685
280 238 572
551 134 568
274 299 928
344 489 932
131 91 474
27 13 692
374 567 380
99 274 954
311 490 340
64 43 184
174 33 83
355 80 938
503 224 8
336 293 286
72 361 847
237 204 854
215 260 363
507 543 50
26 388 973
349 212 768
357 206 312
28 218 555
483 85 941
61 11 853
6 87 540
418 293 919
496 13 428
36 19 391
566 129 426
488 57 924
160 569 757
346 47 404
133 319 326
520 165 496
437 24 157
97 258 506
540 476 365
360 41 725
32 531 468
334 469 836
112 108 422
471 301 436
355 332 169
99 103 166
596 123 173
185 396 559
480 534 565
406 437 794
390 149 354
424 34 381
464 227 320
62 272 598
123 599 529
459 301 118
547 210 847
204 173 457
70 22 158
79 237 666
80 99 302
36 482 487
464 43 232
537 461 243
85 328 590
572 597 646
21 472 954
382 77 452
44 200 983
554 319 516
427 254 246
174 162 262
562 27 788
205 490 279
331 55 317
35 357 915
363 12 962
436 307 891
399 562 943
3 191 35
525 383 492
540 91 660
480 383 974
458 168 652
393 271 176
160 304 176
318 340 591
414 288 835
41 592 797
432 503 671
315 41 927
495 531 404
38 155 871
95 449 177
566 402 338
37 470 615
362 390 765
285 401 256
316 388 402
226 327 916
576 66 113
241 100 927
116 8 899
15 224 164
555 499 944
41 530 906
345 291 63
50 528 245
108 241 732
230 494 934
283 554 689
456 390 204
94 256 272
454 254 53
295 248 590
418 169 937
394 544 914
68 355 454
583 305 229
230 287 187
148 3 327
61 96 154
490 172 578
384 14 755
473 397 269
515 96 354
17 14 753
139 161 42
185 238 837
115 195 891
166 342 26
161 347 237
196 535 236
541 191 501
155 6 771
164 227 179
199 101 779
472 567 517
460 166 479
130 23 426
82 475 209
417 19 555
137 343 598
180 540 273
311 571 981
331 203 234
28 158 541
428 340 714
564 441 547
49 290 912
536 329 182
292 191 547
36 120 587
334 398 171
130 60 250
533 12 929
438 113 781
403 523 813
241 529 28
383 184 46
201 456 379
499 571 657
595 143 335
358 330 669
199 496 406
280 123 62
513 125 933
3 18 198
58 416 778
364 441 286
256 246 795
220 527 915
471 114 795
374 355 27
239 151 23
165 286 909
260 370 861
583 260 658
200 525 329
562 531 430
263 520 9
15 59 695
302 268 861
303 283 822
204 160 708
16 35 626
99 140 196
218 106 843
42 165 183
481 17 219
164 83 48
46 70 608
538 346 863
135 478 339
66 386 511
326 471 936
126 159 717
600 32 168
194 131 249
193 411 57
526 395 48
544 456 250
334 191 579
230 20 646
145 478 503
197 573 685
275 220 510
349 245 178
126 26 776
533 168 739
597 152 803
252 116 321
438 252 144
438 64 247
11 54 826
220 108 105
508 392 798
12 208 518
232 279 19
575 164 817
33 2 729
76 473 602
61 221 118
554 241 211
515 120 644
145 578 175
292 565 370
483 506 951
344 107 489
485 224 633
169 64 767
389 206 859
361 241 263
89 324 56
153 483 877
1 4 499
450 351 547
587 355 216
75 402 129
453 272 337
66 51 972
18 573 645
279 138 892
578 557 247
513 279 146
12 25 565
337 596 79
504 489 73
504 520 194
8 149 200
175 42 12
362 243 900
10 126 905
376 180 65
107 401 898
440 377 405
339 175 329
3 445 935
74 147 779
298 218 922
217 298 315
323 530 502
1 161 70
361 385 460
600 53 579
347 307 672
574 317 417
20 8 770
14 449 516
403 76 268
299 233 315
69 195 729
197 127 485
3 281 774
165 129 929
301 519 334
300 371 664
7 9 573
192 372 484
244 369 470
75 12 823
424 552 180
155 264 397
126 104 433
317 67 997
367 306 870
474 306 684
539 502 517
369 509 529
243 427 118
3 2 136
598 8 573
497 226 836
107 303 791
97 54 727
575 411 740
313 583 563
390 335 22
495 423 941
41 487 991
346 24 876
556 97 3
123 46 534
254 374 887
56 211 804
420 415 203
141 209 170
394 426 15
277 463 9
384 48 657
513 91 256
120 122 185
60 416 818
419 569 139
39 354 859
591 70 787
140 177 279
551 127 293
509 2 669
492 57 116
77 6 134
465 369 428
296 174 945
62 479 377
137 460 244
10 13 912
472 444 505
184 423 232
143 345 234
505 4 267
301 41 29
160 147 956
136 481 660
397 319 670
262 529 96
406 426 82
39 140 766
34 16 67
493 287 399
540 287 142
5 429 961
52 377 276
189 120 13
344 88 122
303 582 148
137 346 355
312 387 102
29 423 680
339 166 304
12 16 695
574 154 139
401 294 747
391 36 274
293 475 11
142 542 263
228 410 498
51 157 662
270 28 763
79 373 91
116 313 605
464 297 229
139 150 701
387 456 90
175 184 304
28 317 813
12 26 417
114 214 941
2 1 370
260 162 347
211 208 766
159 437 196
139 330 260
272 408 15
14 453 268
522 110 554
291 500 63
273 266 488
288 56 393
151 221 89
130 329 281
561 405 79
447 465 526
599 369 126
374 246 694
286 120 63
355 272 273
479 137 648
408 566 751
505 489 71
82 376 630
223 405 766
320 382 974
229 227 462
297 104 285
597 261 284
256 331 206
2 128 775
93 31 152
550 576 614
21 151 327
501 534 556
67 45 901
370 30 592
485 476 917
433 358 630
549 586 398
207 226 382
366 297 78
560 328 986
565 89 439
156 125 131
66 354 64
562 394 672
18 552 38
12 13 295
458 138 715
304 594 503
589 408 181
484 397 476
305 116 336
119 1 233
345 304 647
420 572 97
57 320 480
129 10 429
181 486 187
392 89 107
8 338 150
5 7 213
380 31 374
153 400 857
100 430 264
25 93 461
228 268 810
533 114 411
491 146 794
393 410 304
2 435 601
33 475 371
307 350 117
106 428 973
560 489 161
135 162 197
525 218 702
397 429 363
211 345 16
262 276 403
177 455 963
412 135 322
405 293 298
290 154 551
5 6 829
159 422 439
220 86 260
69 163 590
554 145 255
251 503 442
429 76 31
196 406 904
416 498 840
365 347 119
134 279 956
471 411 186
4 11 167
486 392 152
557 10 738
23 561 354
313 101 126
74 195 671
158 519 951
3 192 488
312 238 264
107 97 616
73 49 248
427 225 703
412 408 233
293 229 23
227 351 249
368 51 26
100 6 137
312 231 864
104 168 529
89 71 223
194 182 342
76 367 810
24 430 498
325 120 65
190 419 611
146 350 408
233 474 94
83 189 152
277 262 300
551 448 94
7 63 903
151 90 932
29 564 416
68 513 465
307 45 893
189 442 774
173 301 953
439 212 872
3 37 515
16 52 179
90 205 966
444 314 484
509 450 647
36 222 854
57 449 876
581 383 170
441 557 696
284 342 906
175 388 627
328 157 546
134 169 164
309 171 192
551 110 726
128 247 299
206 79 326
395 422 775
561 119 699
50 360 361
35 217 473
412 491 702
311 508 156
35 398 257
583 134 154
113 2 138
48 229 122
515 247 955
27 38 722
139 71 19
362 21 832
214 238 578
44 115 720
76 114 248
167 40 770
416 50 971
188 157 413
252 523 742
57 434 940
389 139 893
176 16 620
596 441 861
133 172 453
320 401 665
184 66 551
383 227 148
167 41 949
337 492 41
359 62 897
284 202 687
106 459 927
96 464 962
178 372 778
446 245 275
573 160 453
185 498 105
125 14 799
392 347 845
371 536 664
407 360 813
474 172 375
595 187 550
366 544 114
167 377 528
69 119 112
379 262 336
136 457 296
247 260 808
332 405 839
23 114 712
569 38 32
462 15 965
558 420 407
71 47 476
588 134 76
167 309 686
102 59 440
465 505 111
108 445 117
111 447 579
511 389 574
394 146 313
535 551 688
262 172 590
502 6 744
450 290 52
20 341 763
60 187 174
228 337 463
147 583 991
443 61 744
359 177 558
394 239 878
544 531 725
399 274 303
568 299 950
406 532 399
71 314 572
19 118 237
279 376 828
507 440 69
234 309 1000
595 71 147
549 357 886
374 447 110
80 403 188
466 524 596
92 277 105
78 143 231
41 196 126
343 509 133
167 353 836
354 443 483
15 17 449
195 166 18
225 104 99
487 520 995
148 573 832
48 345 128
20 94 33
377 142 175
100 444 621
312 482 942
162 360 92
494 500 861
320 383 585
568 10 797
476 412 3
538 185 817
82 59 723
476 178 373
30 445 491
497 580 107
343 582 256
375 259 772
531 363 805
499 581 751
400 129 465
339 84 70
282 136 333
64 282 526
81 37 764
121 267 631
402 78 420
101 38 613
515 431 263
112 562 33
26 468 869
549 429 755
579 228 881
44 91 585
295 490 368
407 353 402
182 584 44
27 12 77
508 453 774
329 190 896
174 75 81
520 342 638
489 520 808
403 536 234
506 533 561
378 206 507
117 237 791
346 241 808
156 546 848
509 439 131
228 197 861
33 214 498
306 509 288
252 22 773
230 191 8
587 254 580
549 420 846
296 46 283
23 569 57
431 346 374
257 45 9
92 311 491
87 152 701
317 566 515
227 234 521
155 235 861
544 169 102
230 429 731
402 492 124
150 532 589
56 11 329
24 424 267
311 175 991
598 443 122
347 503 62
459 437 573
245 168 611
256 98 384
35 129 191
70 326 767
492 265 899
300 45 817
576 229 939
124 173 302
454 588 875
115 559 434
298 322 165
116 439 836
359 404 889
337 119 850
57 202 714
196 25 998
7 22 859
28 7 126
109 508 270
491 445 943
241 316 438
446 131 283
1 69 712
166 279 445
413 342 539
96 292 138
117 106 543
442 597 475
376 24 75
211 35 794
375 475 585
166 147 785
335 28 604
203 177 901
148 568 124
106 302 875
370 53 770
572 217 519
83 32 471
27 317 592
272 207 267
284 258 523
463 363 41
161 306 620
251 367 80
265 523 653
153 391 355
356 227 100
70 36 873
386 8 172
311 184 600
144 85 716
131 13 426
181 222 336
386 19 895
65 87 203
508 426 400
426 49 262
552 133 241
381 33 28
502 422 93
291 203 114
230 440 61
159 307 714
20 499 109
362 382 379
189 470 111
29 58 778
10 454 428
186 145 508
552 298 167
97 475 81
82 298 46
463 316 535
181 83 245
192 195 359
273 179 102
290 480 494
87 249 130
247 206 550
397 37 726
585 257 66
38 432 517
361 57 468
421 343 656
496 342 440
563 293 8
355 594 931
412 522 691
306 543 155
258 77 161
485 254 226
589 321 7
16 108 78
364 300 694
589 269 718
6 115 102
586 174 523
544 517 196
244 453 738
358 275 860
219 5 505
319 167 670
392 108 576
19 11 430
55 11 580
156 261 70
439 338 564
170 488 978
24 564 987
594 387 780
391 269 263
172 595 357
496 483 84
43 145 782
375 132 57
345 298 542
446 469 124
10 14 276
283 86 396
580 150 161
530 103 579
308 322 499
201 538 244
591 144 33
370 569 599
435 28 744
30 426 339
595 161 148
462 321 512
327 272 470
274 278 983
229 399 725
358 415 104
86 361 975
46 3 684
170 423 40
379 198 145
297 111 811
39 109 626
97 216 757
114 401 993
154 126 722
349 35 875
196 262 959
151 496 229
39 409 522
81 73 890
38 25 123
283 261 727
363 104 180
516 596 16
305 527 877
545 148 738
576 221 551
544 100 852
475 334 364
164 103 917
108 466 509
128 227 536
37 505 666
114 353 717
553 304 101
450 78 52
216 329 631
511 327 686
440 563 799
256 88 685
123 442 607
591 382 530
381 451 136
55 3 682
5 65 637
108 430 432
6 385 59
232 2 621
121 67 536
56 100 975
210 539 981
319 468 392
301 563 731
261 126 722
194 315 770
372 328 589
110 480 784
481 516 474
351 89 626
127 252 956
236 157 830
117 499 72
50 122 257
539 553 695
495 307 93
599 194 595
422 398 470
289 546 20
445 392 875
170 113 663
238 117 27
301 491 11
301 427 311
532 487 587
80 558 108
43 512 943
386 47 720
9 310 723
84 288 406
245 36 837
349 192 790
60 293 119
58 90 900
58 22 566
212 378 618
593 480 97
17 276 277
52 202 758
416 573 322
568 385 207
281 53 830
53 399 790
38 172 432
595 108 711
459 275 264
294 425 612
434 131 997
450 308 334
150 265 280
152 540 690
423 218 271
149 566 424
540 402 206
442 510 841
153 19 710
