998 2000 10
0
0
0
0
0
0
0
0
0
0
0
0
0
0
0
0
0
0
0
0
0
0
0
0
0
0
0
0
0
0
0
0
0
0
0
0
0
0
0
0
0
0
0
0
0
0
0
0
0
0
0
0
0
0
0
0
0
0
0
0
0
0
0
0
0
0
0
0
0
0
0
0
0
0
0
0
0
0
0
0
1 4
0
0
0
0
0
0
0
0
0
0
0
0
0
0
0
0
0
0
0
0
0
0
0
0
0
0
0
0
0
0
0
0
0
0
0
0
0
0
0
0
0
0
0
0
0
0
0
0
0
0
0
0
0
0
0
0
0
0
0
0
0
0
0
0
0
0
0
0
0
0
0
0
0
0
0
0
0
0
0
0
0
0
0
0
0
0
0
0
0
0
0
0
0
0
0
0
0
0
0
0
0
0
0
0
0
0
0
0
0
0
0
0
0
0
0
0
0
0
0
1 5
0
0
0
0
0
0
0
0
0
0
0
0
0
0
0
0
0
0
0
0
0
0
0
0
0
0
0
0
0
0
0
0
0
0
0
0
0
0
0
0
0
0
0
0
0
0
0
0
0
0
0
0
0
0
0
0
0
0
0
0
0
0
1 3
0
0
0
0
0
0
0
0
0
0
0
0
0
0
0
0
0
0
0
0
0
0
0
0
0
0
0
0
0
0
0
0
0
0
0
0
0
0
0
0
0
0
0
0
0
0
0
0
0
0
0
0
0
0
0
0
0
0
0
0
0
0
0
0
0
0
0
0
0
0
0
0
0
0
0
0
0
0
0
0
1 2
0
0
0
0
0
0
0
0
0
0
0
0
0
0
0
0
0
0
0
0
0
0
0
0
0
0
0
0
0
0
0
0
0
0
0
0
0
0
0
0
0
0
0
0
0
0
0
0
0
0
0
0
0
0
0
0
0
0
0
0
0
0
0
0
0
0
0
0
0
0
0
0
1 8
0
0
0
0
0
0
0
0
0
0
0
0
0
0
0
0
0
0
0
0
0
0
0
0
0
0
0
0
0
0
0
0
0
0
0
0
0
0
0
0
0
0
0
0
0
0
0
0
0
0
0
0
0
0
0
0
1 10
0
0
0
0
0
0
0
0
0
0
0
0
0
0
0
0
0
0
0
0
0
0
0
0
0
0
0
0
0
0
0
0
0
0
0
0
0
0
0
0
0
0
0
0
0
0
0
0
0
0
0
0
0
0
0
0
0
0
0
0
0
0
0
0
0
0
0
0
0
0
0
0
0
0
0
0
0
0
0
0
0
0
0
0
0
0
0
0
0
0
0
0
0
0
0
0
0
0
0
0
0
0
0
0
0
0
0
0
0
0
0
0
0
0
0
0
0
0
0
0
0
0
0
0
0
0
0
0
0
0
0
0
0
0
0
0
0
0
0
0
0
0
0
0
0
0
0
0
0
0
0
0
0
0
0
0
0
0
0
0
0
0
0
0
0
0
0
0
0
0
0
0
0
0
0
0
0
0
0
0
0
0
0
0
0
0
0
0
0
0
0
0
0
0
0
0
0
0
0
0
0
0
0
0
0
0
0
0
0
0
0
0
0
0
0
0
0
0
0
0
0
0
0
0
0
0
0
0
0
0
0
0
0
0
0
0
0
0
0
0
0
0
0
0
0
0
0
0
0
0
0
0
0
0
0
0
0
0
0
0
0
0
0
0
0
0
0
0
0
0
0
0
0
0
0
0
0
0
0
0
0
0
0
0
0
0
0
0
0
0
0
0
0
0
0
0
0
0
1 1
0
1 6
0
0
0
0
0
0
0
0
0
0
0
0
0
0
0
0
0
0
0
0
0
0
0
0
0
0
0
0
0
0
0
0
0
0
0
0
0
0
0
0
0
0
0
0
0
0
0
0
0
0
0
0
0
0
0
0
0
0
0
0
0
0
0
0
0
0
0
0
0
0
0
0
0
0
0
0
0
0
0
0
0
0
0
0
0
0
0
0
0
0
0
0
0
0
0
0
0
0
0
0
0
0
0
0
0
0
0
0
0
0
0
0
0
0
1 7
0
0
0
0
0
0
0
0
0
0
0
0
0
0
0
0
0
0
0
0
0
0
0
0
0
0
0
0
0
0
0
0
0
0
0
0
0
0
0
0
0
0
0
0
0
0
0
0
0
0
0
0
0
0
0
0
0
0
0
0
0
0
1 9
0
0
0
0
0
0
0
0
0
0
0
0
0
0
0
0
0
0
0
0
0
0
0
0
0
0
0
0
0
0
0
0
0
0
0
0
0
0
0
0
0
0
0
0
866 869 702
502 105 165
307 635 665
264 29 916
86 90 978
637 638 102
142 143 365
397 399 740
56 620 248
817 816 504
456 455 372
255 253 161
566 147 866
463 208 880
137 135 179
646 256 34
217 214 118
725 728 526
945 384 651
710 185 698
12 409 549
604 606 126
290 287 558
255 922 656
899 900 949
267 90 335
449 452 489
875 873 387
585 817 774
794 304 92
240 243 382
619 620 817
939 942 701
77 74 471
346 344 616
43 433 6
178 181 733
585 269 113
44 43 233
124 125 442
83 84 804
722 268 607
353 940 85
574 576 304
77 256 519
532 531 476
874 872 978
660 254 263
800 802 321
804 803 81
480 481 89
823 182 646
511 512 564
39 42 807
127 516 646
468 668 108
271 401 585
105 104 369
932 276 202
314 159 636
786 784 423
145 143 111
693 977 971
623 620 513
98 97 24
852 853 791
31 29 867
605 609 68
406 952 477
942 487 730
760 758 763
117 115 739
680 917 701
893 736 890
800 2 225
347 607 925
109 112 458
470 200 618
828 498 738
641 623 793
878 880 24
596 413 748
178 175 675
85 697 657
841 843 433
531 660 869
163 162 335
430 548 973
322 55 540
976 975 288
123 121 753
100 954 290
709 707 622
335 334 628
92 93 626
719 716 936
353 297 250
982 643 102
335 835 89
614 396 676
657 654 517
488 491 188
896 894 799
395 484 852
76 598 220
91 92 73
111 424 925
118 1 225
471 474 661
539 145 939
488 490 592
31 744 787
247 244 344
915 866 996
833 834 212
268 269 906
809 806 478
462 981 966
810 807 793
124 126 421
473 490 293
959 961 311
481 704 640
609 612 693
896 205 816
255 691 390
388 391 399
814 778 922
79 78 28
851 849 772
740 208 554
765 763 29
295 32 248
818 473 289
471 165 217
844 756 588
281 695 172
934 933 874
183 184 291
291 942 906
526 100 122
311 414 523
168 166 191
602 20 390
570 155 605
246 713 359
932 486 816
649 339 710
748 746 744
494 174 841
567 271 542
930 61 975
655 29 502
36 294 290
813 782 524
400 402 459
335 310 778
263 260 710
919 917 404
203 200 323
960 959 748
84 86 863
711 708 885
148 146 993
404 86 960
414 637 67
959 962 361
601 602 349
944 945 282
14 13 168
867 558 501
924 925 492
650 652 408
367 364 640
865 868 89
824 822 277
906 904 827
433 434 283
838 839 731
194 193 623
858 409 905
967 964 759
301 304 137
787 813 233
365 21 756
735 804 914
649 147 431
220 465 787
116 462 701
557 554 472
932 929 455
210 211 919
101 329 456
627 626 823
464 96 885
503 506 290
794 792 750
617 619 163
994 824 17
87 85 393
824 558 15
852 986 707
63 603 355
1 753 107
862 860 154
499 952 327
91 923 252
617 614 102
653 112 979
608 846 113
923 924 954
88 365 612
790 787 55
371 373 250
479 989 565
249 251 135
392 395 71
320 895 371
676 675 22
401 404 279
496 498 809
314 315 829
689 688 445
603 5 430
2 853 891
664 795 653
777 774 558
149 914 153
156 158 77
893 172 815
657 660 963
859 283 254
909 906 152
298 43 428
175 527 405
936 938 271
824 204 491
191 190 608
829 827 401
366 365 701
72 7 503
721 722 267
630 633 244
9 8 534
289 288 299
907 904 283
818 816 398
673 674 898
500 546 780
977 978 473
913 190 181
398 400 565
98 287 221
32 193 62
587 589 406
60 57 560
301 48 689
300 301 953
48 668 282
805 389 651
472 473 931
846 844 734
543 546 396
5 2 340
316 313 528
289 292 971
228 231 570
566 564 700
137 390 982
588 492 310
668 670 349
154 157 809
405 404 834
769 9 500
257 259 889
941 553 552
725 722 873
24 21 928
933 935 224
263 876 52
320 322 807
561 562 465
928 925 432
73 126 913
871 873 638
673 479 400
63 902 680
910 203 740
626 624 647
738 699 780
423 425 964
281 865 908
622 619 87
837 834 952
863 861 585
154 155 461
707 705 952
461 464 221
630 341 729
72 73 241
712 429 253
985 611 620
901 903 938
102 104 834
517 519 63
872 521 284
4 617 314
407 410 479
430 429 253
809 427 793
590 165 933
396 397 161
465 207 636
526 529 217
650 648 896
69 72 767
369 367 911
967 514 201
679 678 731
123 286 948
406 97 245
787 731 589
539 540 824
365 362 449
80 82 849
939 937 628
519 926 499
735 965 891
919 920 179
745 652 388
546 549 510
986 983 318
733 179 414
730 728 681
31 563 370
615 612 231
314 312 235
265 267 904
756 753 224
852 850 613
506 648 469
86 88 182
284 283 825
145 228 967
234 594 728
368 366 794
961 963 18
536 538 346
706 708 357
684 685 96
486 299 257
868 181 822
230 227 51
611 614 854
108 105 600
130 488 504
267 270 934
510 985 232
313 132 500
980 978 504
614 327 940
845 842 870
806 808 528
773 776 140
245 246 387
766 769 584
446 396 873
311 309 174
953 126 536
592 591 498
210 298 496
648 75 603
356 115 954
171 525 969
508 506 687
556 553 217
417 416 245
830 827 332
520 691 19
612 732 437
384 386 340
171 991 934
483 485 375
395 398 840
751 868 546
908 906 464
848 845 373
194 797 383
411 412 850
632 811 641
923 922 750
273 569 932
33 36 487
714 713 976
60 63 751
55 53 997
656 658 722
546 987 234
875 876 851
925 502 858
751 748 682
600 978 500
139 138 668
990 988 861
67 68 563
444 254 838
308 309 848
133 543 555
890 887 407
1 2 189
617 951 726
329 672 517
501 499 194
233 385 835
658 659 210
563 561 631
433 436 419
61 871 377
291 288 546
555 556 517
493 496 347
955 133 579
430 672 117
493 490 558
783 780 123
350 738 167
191 314 406
785 783 951
867 350 69
270 272 174
709 710 892
502 13 524
980 981 218
40 43 973
945 996 417
944 941 742
654 202 845
318 320 315
291 556 532
181 60 90
983 980 980
894 891 57
715 987 741
226 229 211
452 760 468
572 569 812
870 871 739
32 35 928
775 773 236
712 715 366
465 574 602
72 708 675
700 698 107
222 221 851
392 391 928
878 688 194
161 300 60
25 24 498
425 426 305
205 583 101
357 355 568
541 544 49
857 854 12
758 755 18
27 601 383
6 443 512
988 788 894
442 201 334
950 567 878
232 230 784
600 603 6
649 353 114
969 482 685
713 759 772
845 847 606
298 296 496
992 991 349
708 290 35
103 619 628
826 828 146
75 76 610
52 51 549
584 585 849
523 524 208
444 152 531
746 948 696
317 940 571
102 318 864
881 880 16
967 970 145
869 870 410
436 437 330
89 91 489
787 785 876
721 133 149
64 55 141
396 970 401
545 543 457
111 822 134
387 384 907
982 980 999
590 587 337
497 495 44
670 136 186
988 985 147
634 637 578
966 965 862
129 476 387
717 714 558
447 444 457
744 741 14
245 243 54
808 449 154
722 723 960
915 941 763
702 704 728
43 46 608
864 862 366
706 622 638
234 235 116
56 174 924
679 682 597
687 690 480
852 389 84
133 134 41
221 586 600
680 367 809
533 532 181
689 529 1000
546 705 176
39 490 740
153 150 941
55 70 646
48 50 310
70 68 734
779 974 968
706 303 248
136 134 232
849 848 181
389 931 147
480 477 636
342 343 116
197 769 221
133 896 923
417 419 252
138 141 155
455 454 874
412 832 293
762 760 410
119 993 170
58 56 879
99 101 387
686 29 390
371 374 770
119 972 515
805 803 390
714 716 517
382 384 365
332 330 922
27 29 300
565 449 942
768 771 357
720 717 65
899 902 540
539 542 799
86 801 63
856 853 652
883 628 182
20 18 546
70 822 472
522 521 260
599 600 383
324 321 432
548 400 318
998 996 841
165 944 437
77 867 995
253 861 287
435 455 691
249 247 565
939 741 716
683 682 234
700 945 701
599 372 969
582 580 999
403 468 730
185 163 682
662 892 750
73 477 905
569 499 705
208 638 220
320 321 95
748 424 951
314 358 142
897 54 148
737 187 862
233 232 621
610 613 246
88 299 433
389 778 917
445 444 525
703 702 836
106 398 871
470 468 609
109 110 149
723 959 334
362 833 579
42 699 926
946 943 276
860 395 976
632 18 25
344 419 463
94 589 218
882 400 697
173 174 651
641 640 415
685 688 603
184 190 467
821 818 381
993 6 353
203 953 328
8 847 974
670 792 722
639 636 568
147 150 50
785 788 661
512 513 909
838 606 174
690 691 921
617 385 771
450 448 763
770 772 837
330 588 839
922 921 623
987 986 63
724 722 531
977 585 52
188 186 676
70 777 940
789 735 407
754 31 210
335 337 844
798 799 383
492 801 468
162 859 687
272 369 662
379 382 229
202 205 463
643 723 841
444 446 637
258 695 675
9 11 621
531 768 732
965 968 2
234 236 514
263 993 306
46 871 217
392 618 438
204 203 811
658 661 412
726 800 613
975 910 614
578 581 64
50 648 341
752 749 922
518 516 95
279 282 169
336 338 856
743 746 191
837 906 574
692 862 915
2 3 460
888 885 116
774 771 285
602 315 249
422 763 809
329 368 965
96 506 94
63 776 409
143 580 112
723 962 90
613 61 619
51 50 177
461 556 988
185 183 776
267 826 517
594 660 375
766 199 60
556 558 24
523 520 662
730 105 96
988 989 583
226 227 404
783 129 725
152 151 668
481 1 409
959 958 169
273 537 279
64 939 852
59 57 843
431 605 742
134 286 197
21 19 566
985 74 780
172 196 958
311 680 445
332 334 625
14 16 166
959 47 476
142 839 39
300 303 308
653 633 798
223 752 308
791 205 533
381 380 170
455 528 253
107 109 984
96 95 728
352 652 35
244 241 71
813 814 762
466 465 635
822 820 167
306 303 12
530 919 332
896 899 571
792 790 189
170 17 261
952 331 604
60 156 877
719 670 318
413 412 538
250 9 923
211 344 940
970 972 754
363 418 597
407 47 479
7 43 638
268 271 558
277 278 413
580 965 761
705 703 492
521 520 150
911 342 268
841 186 451
484 487 605
321 403 31
161 506 247
208 215 137
506 272 30
49 47 671
223 220 366
952 954 11
67 540 848
564 468 554
132 554 103
294 622 481
21 921 302
26 788 405
984 982 43
256 365 723
500 502 119
119 899 85
292 612 481
40 37 458
646 648 408
408 319 605
554 5 146
396 592 195
595 593 130
569 571 285
166 169 481
893 891 860
333 22 456
923 577 600
141 904 189
499 498 63
625 296 340
193 190 557
193 196 620
28 653 620
103 100 529
629 627 626
709 180 755
854 259 241
667 669 809
825 519 900
759 758 93
261 262 789
230 872 22
433 602 545
699 832 810
851 854 487
274 275 622
824 827 985
307 661 302
278 171 382
791 754 190
508 509 832
533 148 271
495 492 686
884 883 68
349 347 991
169 252 172
860 858 515
336 334 395
674 613 862
853 605 53
328 329 81
460 463 290
855 135 872
643 641 638
558 561 927
411 410 441
561 931 101
583 877 237
665 663 993
439 440 962
159 161 647
71 897 258
102 515 262
764 763 710
415 412 771
996 569 186
822 468 989
148 151 808
286 288 263
311 313 389
798 944 488
877 878 406
256 258 134
647 646 867
462 459 228
508 153 109
712 708 308
929 370 172
564 562 323
415 575 964
365 153 215
657 226 655
246 586 112
569 566 641
577 576 819
663 662 264
293 853 378
739 891 175
24 411 85
209 210 670
212 213 174
263 266 242
976 769 541
408 406 585
204 9 74
994 997 903
888 316 259
260 843 325
148 968 798
572 573 26
582 46 993
247 250 169
372 642 643
930 931 935
260 24 520
550 549 715
664 662 186
905 904 270
482 525 503
673 670 608
854 855 655
535 64 324
806 804 801
845 636 503
727 729 770
911 916 911
374 376 636
623 624 326
178 38 653
610 609 194
317 294 234
436 829 226
88 944 185
807 974 641
969 966 195
463 465 342
956 924 851
427 424 324
408 579 727
92 95 559
359 362 226
199 293 754
920 218 306
238 236 200
73 399 661
615 718 731
378 172 438
633 542 241
180 528 292
209 208 796
926 394 990
736 610 950
729 992 451
439 438 413
232 249 897
917 344 178
671 669 994
424 422 35
619 405 834
768 765 933
511 508 905
314 75 573
899 901 381
667 668 119
6 3 600
170 167 879
343 95 199
699 698 303
152 154 445
305 304 588
242 239 37
294 291 497
201 701 98
586 678 168
738 736 528
507 510 362
487 489 506
595 873 985
271 699 576
939 179 56
625 624 103
757 72 394
426 921 959
207 929 74
516 48 815
627 628 195
606 607 391
661 470 989
239 569 698
265 264 341
538 55 739
138 136 318
212 983 318
654 653 650
430 431 876
257 467 660
77 990 114
58 670 462
226 473 399
109 111 762
747 284 616
536 534 125
733 562 600
974 896 766
41 3 495
653 243 24
1 740 601
473 476 166
13 12 821
915 917 218
750 747 253
721 718 579
267 268 95
424 879 14
293 513 167
110 113 218
23 670 489
283 286 347
547 546 627
823 825 915
937 934 877
124 5 263
180 177 923
692 693 823
700 702 706
871 681 311
650 651 741
148 43 118
372 375 796
633 84 912
737 739 739
65 390 867
781 384 682
951 352 892
601 600 568
55 47 626
64 141 369
798 183 435
37 39 553
644 646 515
896 380 622
354 170 510
510 873 435
522 207 871
778 984 18
262 611 586
305 823 561
129 130 392
77 512 944
126 128 609
715 718 844
77 214 731
10 12 606
463 703 220
788 27 431
341 342 759
340 341 882
812 810 665
378 637 204
576 313 709
655 371 292
479 482 454
325 324 503
237 240 535
960 540 276
847 934 985
326 323 159
83 833 579
941 273 726
208 373 926
594 591 369
14 15 328
440 407 360
483 974 310
763 761 930
531 530 921
672 491 35
147 149 714
164 166 509
390 393 864
776 875 723
715 809 96
37 35 514
280 279 364
850 325 138
963 485 331
953 952 198
294 514 656
914 397 575
298 300 371
352 354 893
212 211 75
464 467 472
758 921 573
663 227 825
68 71 170
308 392 340
795 797 357
839 841 312
515 512 112
68 69 460
746 789 946
363 362 605
164 165 18
369 408 634
675 674 543
221 224 592
469 472 729
543 796 125
467 404 684
142 863 255
552 553 827
345 347 764
681 678 97
789 791 949
689 692 994
891 888 481
836 498 282
662 929 229
687 982 897
843 816 558
52 673 187
815 513 599
911 997 700
275 277 617
85 83 23
228 607 545
164 161 191
30 27 816
218 409 954
899 904 445
47 838 256
457 458 773
625 437 979
630 628 599
225 222 388
913 915 115
526 803 606
35 38 87
385 268 116
858 737 445
322 323 455
458 125 178
895 892 948
459 458 620
214 215 759
924 926 273
526 161 431
868 589 536
181 666 632
608 607 396
667 556 255
860 810 344
190 189 870
887 886 881
117 120 783
119 117 685
811 813 565
280 23 597
483 480 445
882 644 616
801 531 329
693 694 604
969 330 52
593 655 422
813 981 819
89 87 814
389 390 604
744 830 255
482 985 169
871 928 815
604 908 721
941 938 797
695 517 124
319 662 481
444 442 912
394 829 859
398 401 139
951 110 444
617 85 518
61 593 592
131 130 299
45 42 29
618 615 615
480 823 487
374 834 841
444 410 666
634 941 764
176 177 803
789 358 18
428 507 217
992 591 18
222 738 665
740 433 418
434 661 658
647 337 422
633 635 58
778 779 719
548 547 139
801 347 784
322 714 818
166 124 869
642 675 997
985 846 267
833 831 752
997 882 746
147 66 576
918 127 266
132 214 203
308 307 238
829 187 445
869 253 578
842 651 294
955 954 905
135 786 486
117 807 729
181 836 655
747 746 462
251 19 262
181 182 185
61 366 181
837 938 629
694 19 397
583 584 81
445 664 160
568 566 985
740 968 110
866 174 548
995 22 925
222 652 187
675 636 826
899 747 754
571 441 516
416 772 361
90 605 192
888 728 398
823 714 564
491 394 193
164 607 510
641 644 503
866 863 783
157 98 614
695 697 298
935 557 125
529 185 745
903 904 630
790 793 17
468 469 12
29 468 464
263 351 760
782 730 205
453 950 961
642 645 570
802 268 376
171 879 588
145 586 295
943 544 454
32 29 222
590 485 950
766 763 54
283 131 735
982 618 566
477 475 157
945 948 669
584 586 475
10 493 439
170 173 866
470 922 183
142 139 868
165 270 686
166 934 914
322 495 783
196 329 823
46 47 264
865 109 870
876 970 435
623 716 272
687 686 18
299 136 804
877 879 766
10 8 483
520 518 526
81 83 887
265 889 888
732 731 904
755 753 940
789 786 464
757 329 543
630 222 479
201 436 467
127 126 81
214 973 775
947 945 831
442 443 627
206 638 518
339 338 951
125 585 451
812 725 343
384 456 653
379 377 500
755 770 15
579 576 519
141 608 950
701 460 958
615 360 595
728 490 797
63 65 139
839 667 920
169 635 480
74 73 928
20 56 623
954 177 207
741 629 216
203 803 110
524 525 616
699 701 958
190 528 952
397 93 317
256 255 591
882 64 293
591 590 356
497 500 980
197 890 959
686 95 736
423 184 197
884 494 768
144 141 989
770 240 719
487 374 216
401 632 749
886 883 468
505 503 380
736 733 599
327 328 33
478 816 54
119 122 226
586 587 821
972 973 530
726 183 646
656 981 728
635 382 713
281 283 568
529 330 465
695 698 165
990 991 971
15 135 96
293 291 780
767 766 108
881 939 332
207 205 577
182 558 968
686 994 501
162 160 477
111 408 684
888 398 77
782 784 251
800 803 853
285 282 995
355 356 69
425 680 113
667 666 784
198 195 676
580 577 222
484 486 36
875 794 90
289 147 796
740 607 326
678 677 608
446 448 634
257 254 717
141 809 331
912 914 934
124 757 2
548 188 782
318 316 964
460 461 777
494 398 624
350 558 758
990 993 699
149 2 956
601 738 921
436 375 776
502 504 441
485 574 781
601 604 906
323 437 682
632 689 255
274 563 439
611 173 20
404 262 387
208 240 103
993 269 744
860 289 264
76 283 977
320 327 869
367 622 266
26 25 712
46 58 833
252 249 477
286 92 965
294 2 651
837 773 382
877 488 663
150 601 969
463 571 643
418 417 309
121 768 496
859 861 849
60 401 307
451 449 370
287 286 15
778 350 405
587 588 953
393 519 673
798 795 764
239 238 805
259 331 149
174 608 587
216 218 819
795 794 486
777 780 954
665 666 267
346 348 746
94 91 807
679 680 240
412 414 536
127 129 432
299 296 273
27 24 826
301 703 602
950 772 814
248 947 490
253 254 549
651 203 373
838 942 687
631 630 857
993 975 581
321 287 310
398 657 575
743 742 516
406 405 659
561 175 327
253 664 830
516 92 156
118 404 875
581 726 693
108 980 725
530 527 297
247 812 191
649 768 899
532 735 130
555 375 5
416 414 411
767 407 648
512 419 886
289 20 199
604 508 852
721 785 319
78 75 713
490 575 881
514 512 812
364 362 257
377 375 930
479 477 497
973 975 601
235 786 842
388 387 225
931 933 593
35 412 350
359 330 405
887 579 722
840 842 382
934 86 428
171 912 502
451 454 290
461 263 268
475 472 516
2 340 289
844 222 663
465 468 371
190 375 408
488 485 9
243 18 569
587 532 10
16 769 684
753 751 459
711 712 311
377 378 339
898 896 524
732 734 591
819 818 459
140 138 278
587 851 853
241 239 496
122 124 570
314 266 346
992 995 882
350 349 881
104 839 378
776 778 692
708 485 614
200 201 473
295 297 547
279 281 492
968 545 563
551 923 606
63 851 282
130 154 935
804 397 117
296 600 224
632 658 282
64 63 987
422 111 911
128 288 478
911 990 425
552 555 408
636 633 296
868 935 329
765 221 402
227 228 511
307 310 933
428 427 189
80 546 113
609 607 53
248 453 417
153 278 396
226 224 45
611 609 48
361 720 868
428 306 531
166 9 395
970 628 403
277 831 802
973 228 584
218 115 157
911 910 197
876 761 694
649 648 437
311 312 392
130 132 770
24 805 754
60 943 728
949 951 257
489 492 724
550 551 186
44 100 519
539 537 792
943 941 944
256 839 975
687 381 473
279 276 292
285 694 623
239 913 300
438 437 687
461 909 978
542 708 277
808 467 765
271 956 398
458 564 178
141 361 527
167 166 618
432 809 80
17 18 57
182 183 607
913 916 747
45 627 934
189 186 876
372 371 13
341 833 712
213 214 353
179 938 44
219 217 18
614 616 3
690 956 388
292 532 887
383 385 495
973 398 464
879 994 571
114 116 511
260 721 524
780 934 607
951 952 914
596 599 336
968 619 563
826 824 776
656 655 200
317 502 115
396 395 167
921 919 189
134 895 36
359 356 128
658 401 535
761 324 925
107 106 642
467 978 4
867 594 8
201 202 523
159 3 601
457 454 616
713 711 449
562 565 588
218 221 596
539 531 912
566 567 174
977 974 556
705 581 223
979 977 758
617 41 195
662 660 932
251 307 945
628 982 4
842 457 635
995 452 542
339 340 1000
817 820 572
143 146 593
820 823 628
957 954 74
966 768 37
897 896 308
397 949 37
596 224 521
472 706 718
970 971 590
737 764 382
31 818 61
859 857 201
320 234 515
172 863 831
407 405 520
136 101 678
867 864 734
837 689 209
46 48 395
99 319 96
64 67 193
583 581 469
833 608 462
102 99 436
35 644 490
175 174 995
739 740 250
976 363 375
929 926 446
228 301 113
186 183 881
717 370 28
433 617 632
746 628 952
50 418 765
380 379 628
969 538 474
513 26 576
522 714 938
950 947 259
799 788 196
352 350 35
554 553 373
814 816 343
925 927 330
389 387 416
834 835 844
215 548 686
166 781 411
187 186 253
95 877 895
939 940 665
50 53 746
889 892 642
955 920 867
401 403 958
843 365 764
819 891 655
96 99 651
751 754 323
340 74 517
31 34 414
168 171 883
741 742 438
264 639 88
234 231 92
521 557 432
372 127 731
741 738 285
610 344 616
348 351 531
468 163 30
661 801 805
527 525 504
160 157 581
885 660 53
418 817 173
292 45 108
471 113 427
949 947 992
448 449 386
135 132 821
333 331 15
21 23 670
137 104 89
987 90 658
42 67 365
206 204 536
6 7 533
302 300 945
245 361 120
439 442 414
264 245 607
869 872 892
877 876 965
935 928 798
562 88 585
716 372 213
602 849 361
40 95 527
189 509 318
411 21 993
993 994 928
351 353 3
630 929 650
885 884 260
418 420 700
71 651 534
306 307 841
185 785 491
639 642 455
87 90 753
583 459 695
607 969 195
551 552 137
156 678 398
577 358 350
857 858 583
159 156 107
319 316 755
435 433 805
128 286 948
474 381 540
910 909 356
19 871 632
694 695 718
752 154 441
169 172 719
310 136 911
197 725 6
837 363 143
409 949 909
140 852 368
510 741 995
913 912 25
307 443 629
556 676 219
17 16 581
683 361 56
220 217 3
16 176 330
342 345 310
441 440 937
222 730 228
31 33 656
666 668 502
749 748 458
56 53 233
65 931 59
799 668 348
756 829 919
685 686 533
173 558 572
151 623 673
271 274 862
414 383 970
133 287 902
19 793 130
420 421 603
286 734 669
136 133 197
183 731 369
312 940 986
465 767 271
189 254 625
50 150 557
163 540 482
182 20 672
955 594 624
155 156 481
147 146 833
699 694 207
732 735 668
592 593 918
321 355 550
426 155 151
40 566 872
946 523 456
830 832 227
570 567 798
60 62 533
422 423 715
559 558 503
317 314 336
377 233 272
393 593 574
54 51 870
532 535 441
511 458 198
203 266 618
515 516 749
843 417 228
190 261 119
145 91 38
150 11 328
784 632 584
21 811 149
113 114 601
731 730 456
831 828 698
781 778 229
532 534 576
63 688 521
344 341 724
338 756 744
197 194 403
699 457 614
576 343 810
575 572 48
204 654 313
309 948 780
850 353 495
574 573 805
778 636 76
545 490 760
681 684 490
419 422 91
787 524 523
412 598 889
911 793 122
695 696 768
621 56 210
974 972 465
984 985 110
734 737 862
357 854 407
393 394 562
720 646 587
865 863 470
214 216 548
911 912 803
441 437 926
850 848 403
198 199 553
537 534 51
881 340 416
705 706 197
604 401 296
100 97 259
209 76 891
20 22 152
712 759 672
325 541 7
175 137 995
200 199 949
275 564 276
809 811 569
89 101 551
725 726 697
459 762 730
80 81 836
806 807 770
544 231 648
862 190 121
844 842 240
179 178 984
891 700 384
367 370 276
110 815 724
800 954 142
534 623 777
214 629 285
407 409 195
888 701 373
832 365 641
936 537 245
370 371 225
956 596 951
314 72 164
769 169 40
782 663 198
237 249 431
57 56 360
6 8 865
129 80 621
64 997 709
517 515 881
730 733 753
558 927 510
361 358 896
305 658 528
742 383 739
526 528 28
560 557 530
97 338 817
106 925 908
4 1 768
539 541 947
432 430 398
556 231 308
653 652 299
272 273 104
104 106 291
399 932 371
59 405 199
543 542 716
618 448 24
637 640 570
985 632 679
481 484 631
597 594 106
190 192 382
987 625 609
646 346 582
813 356 82
455 371 422
87 557 163
192 195 134
672 671 605
577 578 111
599 280 871
732 973 180
794 796 314
324 327 984
516 559 601
605 602 882
748 103 544
75 73 774
292 813 367
799 800 38
740 29 180
750 564 342
757 754 149
798 801 69
956 268 576
470 471 702
915 918 250
621 618 513
293 296 175
596 595 615
745 742 267
226 774 827
767 770 816
915 480 79
327 200 826
883 881 171
58 87 724
192 387 39
144 703 947
897 61 917
259 261 383
329 330 995
679 953 478
56 141 240
928 930 665
115 114 460
957 958 177
526 524 800
994 996 803
633 528 725
632 385 77
133 132 530
475 478 656
253 252 428
58 252 301
506 507 50
782 781 271
433 430 659
17 19 981
653 177 524
151 37 769
61 58 672
370 957 365
836 834 268
289 508 575
258 260 944
935 936 272
889 886 871
451 453 126
348 834 185
838 840 773
28 26 637
966 28 78
882 881 26
631 634 608
383 381 44
678 898 572
278 917 792
955 956 193
949 582 848
964 962 438
237 234 490
64 66 279
287 750 988
189 863 197
962 965 166
483 856 428
707 910 783
205 208 462
273 276 328
353 271 41
577 785 1
910 427 541
655 652 560
796 561 611
355 352 170
603 121 972
676 677 48
80 79 576
168 633 430
262 264 675
550 912 57
23 998 77
156 84 734
95 97 237
905 188 13
98 176 859
539 591 555
153 650 66
631 632 361
171 821 395
118 115 384
248 245 691
838 837 34
357 360 395
501 503 407
458 460 251
295 293 764
907 950 855
220 6 813
812 815 11
597 598 760
494 492 290
358 357 973
614 628 705
40 41 976
176 173 261
647 124 476
22 257 323
331 329 720
773 770 995
180 616 327
121 118 977
761 759 258
426 429 320
325 842 271
727 724 684
