1000 2000 1
0
0
0
0
0
0
0
0
0
0
0
0
0
0
0
0
0
0
0
0
0
0
0
0
0
0
0
0
0
0
0
0
0
0
0
0
0
0
0
0
0
0
0
0
0
0
0
0
0
0
0
0
0
0
0
0
0
0
0
0
0
0
0
0
0
0
0
0
0
0
0
0
0
0
0
0
0
0
0
0
0
0
0
0
0
0
0
0
0
0
0
0
0
0
0
0
0
0
0
0
0
0
0
0
0
0
0
0
0
0
0
0
0
0
0
0
0
0
0
0
0
0
0
0
0
0
0
0
0
0
0
0
0
0
0
0
0
0
0
0
0
0
0
0
0
0
0
0
0
0
0
0
0
0
0
0
0
0
0
0
0
0
0
0
0
1 1
0
0
0
0
0
0
0
0
0
0
0
0
0
0
0
0
0
0
0
0
0
0
0
0
0
0
0
0
0
0
0
0
0
0
0
0
0
0
0
0
0
0
0
0
0
0
0
0
0
0
0
0
0
0
0
0
0
0
0
0
0
0
0
0
0
0
0
0
0
0
0
0
0
0
0
0
0
0
0
0
0
0
0
0
0
0
0
0
0
0
0
0
0
0
0
0
0
0
0
0
0
0
0
0
0
0
0
0
0
0
0
0
0
0
0
0
0
0
0
0
0
0
0
0
0
0
0
0
0
0
0
0
0
0
0
0
0
0
0
0
0
0
0
0
0
0
0
0
0
0
0
0
0
0
0
0
0
0
0
0
0
0
0
0
0
0
0
0
0
0
0
0
0
0
0
0
0
0
0
0
0
0
0
0
0
0
0
0
0
0
0
0
0
0
0
0
0
0
0
0
0
0
0
0
0
0
0
0
0
0
0
0
0
0
0
0
0
0
0
0
0
0
0
0
0
0
0
0
0
0
0
0
0
0
0
0
0
0
0
0
0
0
0
0
0
0
0
0
0
0
0
0
0
0
0
0
0
0
0
0
0
0
0
0
0
0
0
0
0
0
0
0
0
0
0
0
0
0
0
0
0
0
0
0
0
0
0
0
0
0
0
0
0
0
0
0
0
0
0
0
0
0
0
0
0
0
0
0
0
0
0
0
0
0
0
0
0
0
0
0
0
0
0
0
0
0
0
0
0
0
0
0
0
0
0
0
0
0
0
0
0
0
0
0
0
0
0
0
0
0
0
0
0
0
0
0
0
0
0
0
0
0
0
0
0
0
0
0
0
0
0
0
0
0
0
0
0
0
0
0
0
0
0
0
0
0
0
0
0
0
0
0
0
0
0
0
0
0
0
0
0
0
0
0
0
0
0
0
0
0
0
0
0
0
0
0
0
0
0
0
0
0
0
0
0
0
0
0
0
0
0
0
0
0
0
0
0
0
0
0
0
0
0
0
0
0
0
0
0
0
0
0
0
0
0
0
0
0
0
0
0
0
0
0
0
0
0
0
0
0
0
0
0
0
0
0
0
0
0
0
0
0
0
0
0
0
0
0
0
0
0
0
0
0
0
0
0
0
0
0
0
0
0
0
0
0
0
0
0
0
0
0
0
0
0
0
0
0
0
0
0
0
0
0
0
0
0
0
0
0
0
0
0
0
0
0
0
0
0
0
0
0
0
0
0
0
0
0
0
0
0
0
0
0
0
0
0
0
0
0
0
0
0
0
0
0
0
0
0
0
0
0
0
0
0
0
0
0
0
0
0
0
0
0
0
0
0
0
0
0
0
0
0
0
0
0
0
0
0
0
0
0
0
0
0
0
0
0
0
0
0
0
0
0
0
0
0
0
0
0
0
0
0
0
0
0
0
0
0
0
0
0
0
0
0
0
0
0
0
0
0
0
0
0
0
0
0
0
0
0
0
0
0
1 1
0
0
0
0
0
0
0
0
0
0
0
0
0
0
0
0
0
0
0
0
0
0
0
0
0
0
0
0
0
0
0
0
0
0
0
0
0
0
0
0
0
0
0
0
0
0
0
0
0
0
0
0
0
0
0
0
0
0
0
0
0
0
0
0
0
0
0
0
0
0
0
0
0
0
0
0
0
0
0
0
0
0
0
0
0
0
0
0
0
0
0
0
0
0
0
0
0
0
0
0
0
0
0
0
0
0
0
1 1
0
0
0
0
0
0
0
0
0
0
0
0
0
0
0
0
0
0
0
0
0
0
0
0
0
0
0
0
0
0
0
0
0
0
0
0
0
0
0
0
0
0
0
0
0
0
0
0
0
0
0
0
0
0
0
0
0
0
0
0
0
0
0
0
0
0
0
0
0
0
0
0
372 391 777
406 818 855
8 9 967
815 416 772
190 619 981
858 72 327
101 692 370
661 928 821
934 965 233
965 191 95
803 252 443
770 400 471
522 14 93
756 137 7
794 276 849
860 309 650
423 924 35
147 737 707
566 351 382
318 915 22
921 711 643
820 711 91
225 581 492
724 320 212
430 447 194
524 472 300
239 685 437
70 801 362
226 210 661
744 395 352
624 148 315
83 17 896
339 862 914
958 884 455
236 738 524
331 294 230
227 328 902
535 978 948
738 148 35
59 37 558
535 837 168
145 381 779
672 558 253
919 618 148
203 275 388
27 146 842
213 546 287
966 56 746
940 931 754
554 679 645
591 459 465
889 780 568
371 525 829
879 557 632
44 137 393
840 787 317
768 754 45
682 119 516
120 598 172
172 376 724
26 100 737
148 895 217
299 346 835
749 88 674
746 199 495
224 774 128
854 521 686
112 841 790
143 320 658
55 155 372
181 461 514
104 216 661
730 981 438
283 386 580
55 40 553
932 147 331
223 11 898
43 122 46
722 373 488
106 790 800
696 505 549
24 109 771
128 518 183
379 637 874
12 795 861
171 27 158
305 339 433
750 506 263
585 575 402
622 520 120
504 64 181
27 11 785
374 32 164
634 158 67
159 288 86
593 964 227
972 695 899
603 546 804
649 883 735
100 530 806
182 301 295
282 33 392
33 30 956
537 864 522
11 2 77
75 880 548
556 456 398
69 325 485
648 930 476
650 863 293
611 156 410
200 641 561
710 294 928
503 48 362
276 408 340
746 566 976
578 687 825
162 563 45
652 183 618
653 576 672
87 614 200
299 398 86
30 9 855
641 199 874
377 645 858
760 138 734
369 844 742
24 582 898
30 34 140
148 260 80
610 369 954
586 757 555
537 777 821
910 338 659
891 626 607
580 158 858
38 482 912
906 163 803
325 899 21
88 98 908
74 385 416
580 988 832
248 309 469
842 421 692
197 403 711
85 49 639
21 376 684
953 435 472
256 628 753
197 662 445
966 753 949
912 216 940
134 29 523
392 83 189
939 852 432
315 709 722
628 533 736
123 567 977
351 29 470
680 213 923
71 636 351
534 237 607
644 463 542
731 2 862
121 696 770
524 15 143
128 186 406
89 422 891
328 589 906
960 585 620
826 592 599
72 335 478
893 409 567
480 450 736
92 751 585
696 98 305
231 169 566
742 14 418
231 381 7
507 403 663
122 127 556
422 839 92
57 118 531
554 299 565
7 272 346
120 801 268
736 705 425
911 159 235
51 356 430
833 531 332
627 630 284
38 424 299
1000 911 329
756 745 796
33 36 106
182 358 969
75 62 499
37 571 822
156 176 953
305 318 234
119 255 167
871 657 718
124 931 643
512 370 826
725 756 381
790 219 537
623 527 190
185 40 753
147 348 846
710 86 154
443 103 304
855 988 260
10 435 356
58 483 708
140 758 348
404 884 292
161 691 165
910 97 879
827 93 750
452 621 350
346 709 408
196 179 425
916 48 311
805 623 797
735 995 244
499 6 837
21 814 663
103 272 435
153 641 325
738 246 191
743 670 367
369 641 294
815 827 896
746 971 961
842 621 564
369 607 819
1 234 283
405 25 338
34 432 609
829 148 416
377 28 332
732 569 541
191 859 235
103 924 20
540 74 332
448 47 512
863 626 106
143 20 58
999 328 456
972 802 386
287 334 76
432 922 754
463 905 393
723 519 27
886 897 18
511 950 552
930 368 270
785 440 140
656 962 535
644 221 350
788 800 691
667 829 792
789 213 637
788 398 348
633 155 364
495 647 630
571 553 358
25 382 21
108 961 791
731 912 734
286 993 982
422 625 82
53 414 73
932 336 789
200 208 884
159 349 967
187 218 59
19 299 276
90 21 592
794 595 720
703 550 58
18 176 342
660 302 522
98 369 564
73 567 401
142 563 28
289 771 81
224 683 345
480 547 984
892 992 574
963 174 612
133 536 56
918 172 492
471 410 738
125 291 809
489 203 299
166 575 982
893 324 1000
552 491 404
934 930 672
225 341 590
480 185 148
12 11 84
182 77 140
157 638 750
468 601 963
118 136 144
821 335 463
962 570 154
54 565 351
876 891 366
889 741 77
714 757 520
805 666 813
595 923 890
365 145 7
139 359 169
570 623 579
663 330 218
168 36 549
597 575 380
63 819 10
68 254 791
625 793 988
240 318 996
960 200 126
6 14 257
357 667 753
688 504 541
754 608 553
176 582 704
3 57 579
523 450 867
212 896 487
462 478 824
132 319 918
594 348 65
320 202 9
969 786 174
346 641 323
497 133 698
612 381 601
1 587 298
890 239 87
12 746 566
404 198 529
243 899 33
450 889 460
569 983 280
969 995 935
313 416 517
763 753 734
388 914 893
68 816 339
7 19 666
173 406 440
730 279 357
434 322 296
444 810 273
87 557 998
787 411 791
908 75 690
947 556 233
522 51 598
921 734 371
289 619 390
466 524 84
930 914 794
637 612 983
896 903 814
195 587 400
295 111 889
96 75 916
964 216 80
964 226 701
290 805 570
822 357 638
374 285 351
158 221 389
555 954 593
469 130 60
270 171 70
932 766 158
614 41 562
808 131 205
274 415 998
313 686 106
271 502 61
430 344 96
318 711 610
14 390 833
334 412 469
395 229 774
755 849 96
789 127 945
464 832 215
947 141 451
631 303 39
451 986 855
15 769 92
591 514 147
263 880 461
641 274 627
215 267 338
184 167 258
428 590 89
428 515 810
127 55 462
352 99 186
667 881 284
573 672 270
822 83 995
369 673 361
719 79 571
410 438 890
956 463 888
17 76 456
534 996 251
467 875 725
16 5 60
337 208 271
829 465 226
121 498 913
305 78 493
39 145 832
91 87 889
80 578 720
372 355 745
734 673 506
492 497 862
658 493 313
153 65 808
584 715 295
361 121 723
439 970 411
262 788 761
829 685 169
902 788 200
343 718 325
426 835 648
944 443 228
857 184 923
148 65 302
266 105 910
612 208 513
113 93 177
287 605 782
833 50 687
647 675 85
51 496 198
3 6 702
657 424 79
7 172 977
618 45 908
24 25 599
327 476 971
807 482 988
212 740 693
474 674 448
933 616 684
62 856 200
800 207 544
2 31 72
285 321 202
600 960 960
730 375 980
112 454 474
222 158 780
344 671 763
832 833 614
97 265 337
477 5 148
44 5 365
820 641 576
569 327 869
221 941 623
612 115 115
336 661 531
25 47 980
117 537 400
386 846 282
789 724 146
201 205 102
902 168 520
464 854 266
454 759 624
204 809 282
409 825 962
668 191 479
120 100 514
127 246 133
195 55 478
608 544 739
674 837 503
682 917 8
158 287 628
340 89 30
320 237 55
996 41 133
164 284 995
729 488 774
672 589 118
378 150 597
885 830 883
523 589 321
342 402 361
79 622 519
755 152 850
279 115 230
50 170 115
118 150 192
641 751 181
753 218 809
49 79 680
241 62 798
138 466 982
398 60 671
249 104 742
145 861 936
103 450 209
373 187 53
1 629 979
328 121 259
527 63 355
219 498 156
379 869 60
639 346 208
431 460 502
160 238 798
74 37 607
213 595 783
328 539 112
138 955 512
397 96 727
194 129 99
474 311 276
801 399 28
879 620 638
131 432 683
164 656 450
951 284 715
520 725 152
743 475 495
671 686 187
912 744 536
363 193 963
429 934 789
72 9 279
635 611 206
187 431 408
533 241 28
418 169 745
186 380 638
386 463 730
371 252 985
284 441 916
915 177 604
703 397 830
25 847 835
22 128 667
47 161 420
219 517 320
835 612 135
772 265 448
455 70 866
107 513 569
222 499 674
364 479 250
650 999 622
180 222 18
4 643 58
50 142 634
168 419 27
972 819 757
393 368 523
28 169 245
214 218 467
719 572 171
616 685 444
853 549 34
947 76 116
953 505 11
657 256 524
318 220 452
60 41 93
355 99 435
712 767 329
828 35 445
86 718 306
873 266 827
194 342 550
70 16 959
345 262 330
624 80 803
442 8 414
66 202 240
888 879 11
691 409 694
845 739 236
634 754 626
577 359 918
65 211 929
455 3 328
275 365 581
160 8 778
302 437 403
134 338 892
926 64 284
693 813 721
368 309 521
23 77 638
564 453 567
345 670 76
106 53 983
277 917 802
1 70 568
690 488 95
224 41 614
112 65 197
543 751 55
438 248 122
144 86 216
412 825 671
901 341 510
584 521 492
14 366 243
97 654 981
770 68 301
31 766 948
831 629 890
679 625 16
480 556 880
409 433 36
110 92 147
510 202 326
4 3 640
332 721 351
311 492 869
183 617 435
114 38 759
656 66 830
332 243 806
488 128 850
37 494 179
870 195 918
270 884 480
819 208 723
27 147 616
69 43 506
176 954 110
39 590 417
442 606 909
838 989 479
980 515 803
899 380 982
61 112 473
15 807 162
287 941 210
393 379 581
310 659 197
476 277 885
356 703 513
690 266 199
920 687 418
791 975 760
60 214 180
599 156 142
63 357 341
679 693 582
231 660 902
82 25 441
15 63 580
411 30 225
785 81 347
792 373 76
3 13 46
373 457 725
416 274 676
998 47 382
343 816 192
420 144 159
353 88 811
4 521 254
501 735 485
449 596 134
704 75 984
140 286 794
943 422 380
616 596 521
912 56 489
173 662 190
503 837 487
128 516 29
978 194 697
227 7 645
797 572 588
299 890 128
387 294 328
370 902 568
986 935 161
259 171 437
81 21 264
567 908 597
669 55 12
447 886 909
124 570 448
354 198 613
15 68 351
10 364 165
124 196 152
669 491 415
811 148 404
495 775 536
138 725 868
297 423 574
142 827 380
5 97 319
107 991 742
312 254 378
930 162 209
285 922 649
56 117 699
651 231 133
849 855 670
220 929 736
50 21 109
224 690 557
1000 815 726
16 396 898
321 952 58
428 123 367
743 194 320
217 861 578
993 454 634
358 846 886
69 256 91
727 544 873
590 872 748
778 315 733
41 67 627
516 137 762
119 423 738
820 894 200
307 653 788
776 198 101
226 293 310
946 936 540
50 728 198
425 343 215
897 815 487
129 213 233
907 401 406
5 54 101
231 719 682
497 31 169
2 242 799
880 285 636
58 795 277
177 113 55
541 212 918
411 904 198
202 642 774
94 560 183
814 165 304
501 223 530
184 208 104
519 170 22
362 188 726
174 650 246
263 102 199
377 34 763
664 362 849
651 708 730
146 450 435
149 197 101
717 944 275
26 201 376
419 663 733
20 149 751
303 161 384
248 467 651
989 306 541
999 273 202
77 599 756
414 613 895
881 72 81
196 236 467
752 750 541
333 375 346
954 335 385
776 137 159
450 640 472
716 794 699
789 567 261
735 974 142
694 103 403
135 92 797
142 935 829
714 467 528
588 896 554
286 327 147
190 220 379
592 805 488
37 103 791
541 285 275
717 414 602
522 3 570
883 562 415
245 299 558
410 691 45
687 346 852
820 354 155
48 28 715
502 537 880
285 67 379
575 804 779
239 220 857
456 568 331
490 346 701
970 603 898
293 825 280
240 118 891
26 760 743
46 58 260
836 104 820
928 948 879
94 85 186
782 623 50
24 245 151
944 44 863
179 452 766
1000 730 715
811 623 883
212 261 302
877 772 966
164 486 808
336 281 918
440 548 998
215 523 420
782 427 493
217 34 474
141 681 430
561 231 757
918 854 954
5 17 969
219 205 809
345 928 902
306 174 523
882 917 91
485 315 299
778 647 936
50 248 517
842 541 51
926 66 288
815 282 23
798 783 57
641 522 451
493 420 62
88 991 822
700 356 578
778 394 147
621 856 883
649 623 923
173 26 221
228 326 84
600 440 700
657 429 709
835 513 434
859 367 406
709 744 528
818 148 459
950 344 382
510 835 855
360 445 282
13 620 700
596 557 465
622 579 415
711 411 167
947 55 312
81 44 278
378 149 192
437 467 489
9 20 593
37 19 140
405 111 405
7 1 455
919 58 661
579 88 357
6 192 289
779 506 890
5 116 540
403 852 996
772 62 868
117 234 65
682 958 892
1 2 521
647 902 200
806 253 775
799 749 853
788 20 328
481 39 984
90 167 613
311 216 2
519 175 580
656 357 312
34 680 637
681 26 929
401 226 969
202 167 515
766 95 113
541 608 156
1 367 488
34 40 906
531 665 506
933 972 866
711 702 342
523 778 861
885 53 571
448 133 373
800 321 726
983 15 240
653 966 825
355 342 856
292 988 871
689 413 389
834 104 789
391 519 776
636 70 71
42 179 264
515 947 480
354 538 526
516 469 167
212 284 952
790 884 37
40 486 805
691 533 877
258 65 759
6 718 956
396 414 70
104 752 868
758 781 703
62 173 473
733 241 38
680 550 60
995 477 140
43 33 76
622 383 262
686 546 483
3 409 643
37 244 176
252 329 316
100 102 644
863 250 606
262 572 537
114 294 722
959 358 764
196 640 865
835 864 780
50 78 567
115 599 987
228 835 206
348 802 427
583 925 380
39 529 114
370 117 583
94 131 86
576 521 895
869 539 281
745 325 708
289 344 214
373 574 693
708 890 501
27 913 357
96 116 403
446 120 647
200 3 830
956 773 407
558 249 191
418 82 47
492 393 212
45 22 601
294 971 116
124 833 800
921 739 73
945 832 136
632 51 33
998 553 357
3 115 372
571 820 418
205 692 620
191 682 725
17 41 238
500 411 146
58 497 69
737 466 138
652 265 590
225 258 531
556 274 188
762 142 668
497 571 688
104 878 954
532 106 2
10 7 634
39 533 969
366 614 737
769 205 209
99 67 985
765 315 169
252 88 966
164 331 786
760 85 381
805 10 969
456 597 98
84 788 532
468 212 764
567 817 528
203 364 582
337 256 458
445 746 705
44 617 78
232 701 235
284 148 81
144 852 787
365 804 904
90 907 944
429 496 289
427 328 348
645 899 765
9 239 144
565 374 196
417 107 765
293 394 335
565 985 139
737 990 484
250 822 281
308 657 1000
804 421 809
343 341 589
163 462 81
25 263 365
709 344 827
373 419 779
872 519 446
298 116 84
76 891 152
541 58 456
360 173 693
293 713 968
509 920 832
919 461 635
139 116 13
695 934 138
962 831 94
209 489 51
491 623 455
664 199 349
659 841 563
712 252 234
28 207 836
947 583 64
540 665 98
39 17 420
674 94 831
219 932 498
992 977 680
908 720 327
581 693 53
470 97 13
996 109 399
745 488 529
157 159 910
963 160 673
914 899 849
206 233 844
274 193 266
87 45 822
119 157 541
699 660 986
589 152 572
555 233 108
410 980 511
429 319 362
30 10 614
792 678 837
91 773 477
279 780 69
316 388 436
445 950 188
990 641 385
453 578 162
404 349 749
966 124 727
678 412 527
88 886 590
211 409 640
101 113 458
451 286 495
622 258 177
119 458 57
765 984 516
65 92 935
84 525 17
972 335 362
492 749 828
537 125 335
999 194 711
245 506 903
732 495 692
126 189 125
250 644 279
295 229 182
568 226 977
412 616 430
957 950 494
631 932 23
731 48 474
92 440 301
997 622 117
961 911 845
938 204 896
968 295 357
142 744 541
266 952 287
38 396 154
107 54 791
95 125 940
427 953 769
348 114 673
918 677 517
74 171 373
38 585 241
451 209 22
290 109 688
777 733 746
66 873 705
64 402 143
575 785 401
556 614 714
773 87 466
762 417 614
79 382 215
897 577 382
134 200 364
183 228 138
783 99 987
215 361 863
537 40 858
555 578 246
974 713 65
346 971 849
85 165 620
41 977 593
550 221 11
956 883 991
161 703 757
533 811 654
220 779 297
773 248 187
3 399 581
436 839 942
764 332 247
341 116 876
896 424 918
572 587 870
426 27 862
220 862 165
49 40 445
32 8 484
172 815 355
557 507 157
591 888 665
67 791 897
758 982 540
334 64 63
3 230 769
525 330 102
813 244 18
102 158 254
573 443 192
634 201 670
762 710 581
945 357 192
601 727 513
829 524 440
981 258 785
610 570 244
713 165 437
705 283 917
576 602 990
771 358 126
486 666 326
24 9 267
143 142 264
707 20 259
684 418 568
51 248 835
322 688 130
499 319 707
15 4 231
760 225 498
818 65 42
468 522 887
144 773 98
158 261 91
472 96 643
247 226 267
45 939 585
491 939 247
455 130 891
5 29 275
113 413 211
38 70 303
71 44 920
235 770 601
191 54 356
309 85 239
300 36 436
575 628 781
37 104 275
559 264 736
727 993 741
453 266 800
379 414 656
200 323 137
930 501 572
96 795 717
176 799 273
5 4 575
43 289 964
469 571 906
108 31 532
723 257 718
690 15 916
447 696 217
314 62 142
184 716 333
867 825 882
56 180 677
413 32 971
188 648 110
46 669 733
791 324 83
802 878 551
17 111 474
21 42 839
322 672 284
167 231 922
121 308 663
213 952 100
822 271 837
722 863 427
778 339 216
389 7 565
476 775 97
434 68 215
146 617 665
916 338 118
271 211 468
297 925 97
246 610 712
688 790 335
89 707 386
994 585 189
64 479 971
237 697 764
592 148 714
476 77 401
514 246 931
826 866 80
669 54 247
50 719 466
347 147 672
680 199 348
399 765 725
27 232 10
229 72 779
626 28 145
693 582 161
9 53 4
481 948 243
67 199 333
207 157 818
945 984 986
247 946 861
1 18 995
181 566 605
684 937 380
7 552 759
694 645 690
277 185 942
416 73 879
203 739 589
509 481 586
986 981 768
491 69 455
999 207 383
568 193 739
882 84 103
276 90 697
498 983 384
119 472 586
579 279 443
457 947 880
252 843 858
703 301 251
673 788 545
727 472 8
160 505 815
662 121 492
887 769 271
813 265 464
489 43 631
20 499 50
123 85 707
249 970 149
161 477 377
157 607 828
257 238 901
290 506 351
101 701 29
530 996 267
547 213 552
137 581 716
711 847 501
591 575 595
187 157 572
134 421 773
181 43 348
610 53 103
240 328 275
519 538 677
61 637 587
589 68 437
69 162 220
517 861 171
520 18 610
775 681 374
648 415 774
42 78 5
314 264 440
495 484 401
239 186 219
395 733 826
1 597 561
345 9 508
113 958 916
517 502 201
306 378 779
444 600 442
26 21 644
168 174 971
30 193 450
550 572 282
69 991 708
945 786 534
675 896 285
507 156 679
634 282 1
981 706 516
7 356 944
168 459 766
71 496 880
973 86 929
925 604 68
847 5 334
687 761 704
750 226 462
10 1000 361
88 70 25
89 74 336
499 171 482
298 545 742
512 500 1
338 803 255
980 782 50
561 259 871
655 146 440
325 164 539
630 480 649
203 168 19
319 485 724
473 393 19
465 607 968
306 874 73
7 551 71
637 299 320
656 924 308
543 393 418
835 261 895
288 536 95
86 620 429
715 743 196
243 859 910
27 35 63
201 62 318
171 449 767
12 475 549
48 755 530
130 74 722
697 520 892
27 907 544
219 749 291
581 644 992
526 470 323
341 824 988
881 815 963
403 903 194
23 535 949
293 998 87
84 49 915
904 299 913
183 134 834
39 511 292
951 72 100
107 175 914
910 587 476
22 885 137
930 693 829
375 867 149
123 253 545
337 784 359
297 9 730
246 766 688
459 683 291
698 63 535
732 709 733
333 59 73
13 61 999
87 75 67
601 321 952
265 324 279
226 761 974
524 904 725
238 806 993
297 302 262
491 17 115
76 290 262
80 11 747
907 60 707
79 183 934
369 313 307
623 194 388
571 163 499
77 532 527
140 250 81
891 935 587
848 905 584
383 302 201
711 539 791
588 646 29
479 160 548
7 209 154
824 714 776
286 181 179
574 835 313
96 439 752
465 425 522
173 908 358
144 273 773
669 623 939
182 206 908
1 38 30
758 626 899
673 54 621
390 765 427
142 315 234
71 251 829
230 246 618
204 166 608
217 161 886
297 565 752
879 130 924
348 695 934
771 596 652
204 292 355
56 873 383
145 268 52
974 183 548
273 511 990
666 342 490
36 200 960
97 984 97
672 321 605
684 787 518
115 380 798
463 987 196
633 259 440
467 553 401
456 91 155
170 237 892
819 510 266
553 580 439
277 910 620
776 465 868
906 15 516
750 761 627
979 158 323
887 27 281
402 967 145
686 742 174
768 765 603
215 193 933
670 480 544
168 968 360
155 34 718
81 688 522
645 808 473
363 443 347
26 28 406
840 561 686
22 342 497
359 543 156
481 874 884
554 524 287
812 787 767
296 970 33
387 402 410
912 928 135
384 173 763
532 648 157
641 931 545
170 367 26
966 144 13
721 616 703
843 160 751
538 324 509
810 477 536
92 151 207
166 848 681
154 446 232
593 794 162
270 265 493
89 691 403
29 838 805
869 855 719
947 591 102
88 260 730
801 847 795
205 874 886
113 529 885
354 551 136
59 322 130
484 161 130
249 176 764
555 576 638
538 795 983
11 830 518
558 314 990
464 165 670
701 755 114
391 627 856
110 121 129
132 320 596
762 371 89
573 18 326
572 811 70
111 152 195
627 585 52
845 593 327
270 36 278
60 64 927
653 822 886
149 400 764
838 669 347
522 900 689
358 33 379
664 992 140
680 745 85
494 237 111
825 593 644
840 876 399
524 298 545
18 491 479
310 315 572
668 155 158
231 585 358
368 185 504
210 480 54
909 464 915
842 646 63
585 615 380
236 226 495
641 944 248
548 196 940
947 502 181
187 98 864
745 457 174
737 385 445
508 655 214
119 436 442
859 63 885
645 38 858
29 527 968
677 356 152
156 354 510
776 189 128
309 417 456
5 545 662
501 46 210
207 324 558
73 945 588
798 302 3
562 369 88
17 828 218
597 941 94
597 95 737
156 134 961
781 718 83
517 412 993
65 52 73
546 355 811
299 519 735
780 127 713
266 707 780
369 287 346
95 20 642
552 471 289
131 291 230
434 325 524
281 269 483
929 235 576
505 541 246
3 243 535
851 668 561
399 264 391
117 513 406
634 372 9
331 137 158
942 819 303
373 830 882
714 705 662
191 483 857
350 422 658
82 433 473
215 118 91
823 139 932
259 202 87
730 766 540
73 166 587
241 31 711
36 879 616
449 542 682
716 268 187
103 65 838
8 154 271
735 333 60
98 105 625
253 157 869
862 120 367
914 503 636
460 94 648
718 936 968
159 87 866
71 330 250
14 652 548
543 184 283
470 599 340
365 604 816
141 599 282
937 872 690
916 507 594
813 786 374
275 540 149
586 354 644
101 14 87
269 125 443
394 421 134
334 170 881
699 354 956
981 850 564
145 389 640
389 139 770
734 754 953
407 268 30
665 645 452
69 163 486
758 279 871
509 759 956
479 348 715
677 847 969
96 850 103
12 22 299
609 439 640
66 48 503
273 283 127
182 238 387
368 67 232
549 793 339
842 317 631
361 557 698
214 107 326
172 526 95
870 561 642
1000 225 140
466 611 572
60 317 689
565 525 50
105 615 994
675 717 330
549 518 97
449 450 352
374 75 956
611 647 4
79 106 273
117 133 392
303 350 555
94 43 175
610 841 265
358 951 528
927 557 525
555 967 264
839 502 179
493 448 753
151 190 261
631 962 728
895 837 67
882 820 551
262 154 505
432 32 463
363 588 653
394 34 405
2 8 385
309 75 397
182 178 297
261 357 175
468 702 404
890 404 638
718 15 98
866 432 819
27 274 659
71 621 391
867 767 445
655 495 194
827 842 913
903 782 44
321 551 423
982 517 402
543 854 832
788 628 459
513 46 594
117 151 120
29 73 509
837 442 856
912 704 480
574 353 834
739 267 675
227 301 483
371 360 630
933 518 445
930 904 120
342 501 414
119 11 255
332 588 102
409 218 844
58 529 21
327 706 78
304 555 936
588 65 282
69 823 717
481 329 315
26 212 443
839 851 624
885 395 68
126 85 194
733 909 21
191 560 864
416 38 65
747 106 685
141 31 905
51 9 202
58 531 125
718 672 738
39 210 953
29 93 235
42 476 683
433 501 163
461 617 142
754 83 838
399 898 807
178 341 726
400 55 536
766 661 197
112 188 296
947 234 951
23 16 298
832 141 488
16 52 787
61 89 538
604 702 812
165 920 493
707 747 302
723 701 49
529 777 825
144 69 637
653 647 852
604 215 437
318 587 731
693 571 402
278 240 933
148 499 843
300 936 608
164 313 626
593 219 786
15 802 449
680 570 119
333 206 951
970 384 89
105 91 282
51 526 736
930 711 218
232 264 339
472 115 797
422 493 661
630 577 154
565 749 271
34 490 526
18 645 828
482 88 971
455 456 277
540 158 260
453 675 714
280 140 609
959 133 174
448 222 508
213 320 234
131 900 311
240 192 910
659 517 337
9 124 451
412 194 7
32 46 457
242 109 908
415 583 17
444 188 833
693 181 758
17 190 841
655 974 976
531 465 925
316 82 411
126 965 131
351 764 822
377 995 580
523 562 536
780 402 254
312 601 308
611 56 927
544 305 566
509 150 926
670 367 400
449 343 944
99 420 269
710 636 527
218 701 952
117 994 340
528 140 893
338 70 761
42 62 289
942 895 827
274 947 160
517 498 865
14 276 200
328 447 750
462 580 867
314 225 637
846 528 83
95 178 89
266 410 503
59 404 871
198 34 127
427 237 79
124 416 213
268 33 803
596 303 756
122 427 809
985 349 30
118 225 597
976 97 758
127 132 932
417 144 290
301 345 905
9 235 851
498 926 858
865 413 686
223 200 922
551 103 831
363 246 447
346 403 399
935 775 356
309 505 392
481 650 729
420 523 112
786 76 305
842 633 250
155 550 624
308 772 626
868 474 797
869 377 301
30 572 831
379 229 256
714 554 86
930 268 829
798 254 905
134 600 869
296 246 185
226 313 966
71 138 914
462 947 276
825 746 717
304 79 495
704 695 563
706 726 382
758 333 273
71 498 294
31 611 65
139 872 602
580 919 333
164 55 304
33 720 997
225 13 696
50 300 304
687 264 382
208 820 400
194 908 400
796 737 181
371 437 793
468 58 492
929 387 459
121 269 624
602 676 539
38 140 910
389 396 732
87 368 959
307 122 702
718 367 922
365 590 485
381 9 509
217 708 452
656 830 965
56 45 959
487 154 202
456 874 524
413 837 966
840 471 272
916 436 293
665 67 769
552 182 238
636 690 581
714 412 222
304 113 665
686 511 184
626 353 479
143 662 128
169 440 385
640 33 335
855 733 588
894 119 683
3 2 80
649 491 304
708 649 131
596 274 772
562 927 351
267 748 387
888 579 141
938 949 669
893 80 143
21 5 554
314 650 478
243 790 736
86 4 519
741 720 776
462 805 200
729 363 863
549 813 961
16 848 440
530 855 446
384 268 367
532 701 702
299 999 173
17 517 616
689 1000 838
310 121 305
181 317 136
808 29 595
495 494 428
93 301 982
649 114 942
508 477 310
610 675 247
881 32 995
331 190 686
490 90 429
670 892 378
594 399 570
71 656 592
355 426 209
488 663 747
892 329 440
126 129 10
678 341 148
307 58 738
